400079
400019
400030
400014
400103
400083
400013
400064
400017
400011
400086
400031
400066
400068
400022
400037
400095
400062
400104
400018
400090
400060
400093
400096
400059
400025
400016
400028
400041
400069
401101
401107
401104
400105
401303
401210
401209
401208
401207
401205
401203
401202
401201
401105
400202
400102
400101
400099
400098
400097
400094
400092
400091
400089
400088
400087
400085
400084
400082
400081
400080
400078
400077
400076
400075
400074
400073
400072
400071
400070
400067
400065
400063
400061
400058
400057
400056
400055
400054
400053
400052
400051
400050
400049
400048
400047
400046
400043
400042
400039
400038
400036
400035
400034
400033
400032
400029
400027
400026
400024
400023
400021
400020
400015
400012
400010
400009
400008
400007
400006
400005
400004
400003
400002
400001
400601
400602
400604
400606
400607
400608
400610
400615
421301
400603
400605
400703
400709
400614
400708
400706
400705
400701
400710