201309
201305
201307
201304
201301
201306
201303
122016
122015
122011
122005
122004
122003
122002
122001
122022
122018
122017
122000
122006
122007
122008
122009
122010
122012
122013
122014
122021
122203
110003
110005
110006
110007
110008
110009
110010
110014
110015
110016
110017
110018
110019
110020
110023
110024
110025
110026
110027
110029
110030
110031
110032
110034
110035
110037
110043
110045
110046
110048
110049
110051
110052
110053
110054
110057
110058
110059
110060
110062
110063
110064
110065
110068
110070
110074
110075
110076
110077
110083
110085
110088
110089
110091
110092
110095
110096
110114
110004
110011
110012
110013
110021
110022
110028
110033
110038
110039
110041
110042
110044
110055
110056
110061
110066
110067
110069
110078
110079
110086
110087
110090
110093
110094
110097
110098
110001
283105
283202
282002
282003
282004
282005
282009
282001
283126
283107
282006
282007
282008
282010
400079
400019
400030
400014
400103
400083
400013
400064
400017
400011
400086
400031
400066
400068
400022
400037
400095
400062
400104
400018
400090
400060
400093
400096
400059
400025
400016
400028
400041
400069
401101
401107
401104
400105
401303
401210
401209
401208
401207
401205
401203
401202
401201
401105
400202
400102
400101
400099
400098
400097
400094
400092
400091
400089
400088
400087
400085
400084
400082
400081
400080
400078
400077
400076
400075
400074
400073
400072
400071
400070
400067
400065
400063
400061
400058
400057
400056
400055
400054
400053
400052
400051
400050
400049
400048
400047
400046
400043
400042
400039
400038
400036
400035
400034
400033
400032
400029
400027
400026
400024
400023
400021
400020
400015
400012
400010
400009
400008
400007
400006
400005
400004
400003
400002
400001
400601
400602
400604
400606
400607
400608
400610
400615
421301
400603
400605
400703
400709
400614
400708
400706
400705
400701
400710